1.344904661178588867e+00 0.000000000000000000e+00 1.375712633132934570e+00 9.082962274551391602e-01
1.170436501502990723e+00 1.022537827491760254e+00 1.067694783210754395e+00 0.000000000000000000e+00
1.268430829048156738e+00 1.178270220756530762e+00 5.446993708610534668e-01 0.000000000000000000e+00
1.003114461898803711e+00 1.006482601165771484e+00 0.000000000000000000e+00 0.000000000000000000e+00
0.000000000000000000e+00 0.000000000000000000e+00 0.000000000000000000e+00 0.000000000000000000e+00
0.000000000000000000e+00 8.740056157112121582e-01 0.000000000000000000e+00 0.000000000000000000e+00
8.747059702873229980e-01 7.503606677055358887e-01 9.578517079353332520e-01 1.459253191947937012e+00
0.000000000000000000e+00 1.150620698928833008e+00 0.000000000000000000e+00 6.726483106613159180e-01
0.000000000000000000e+00 0.000000000000000000e+00 0.000000000000000000e+00 0.000000000000000000e+00
0.000000000000000000e+00 4.756599366664886475e-01 1.405474662780761719e+00 7.473114132881164551e-01
