1.183379769325256348e+00 0.000000000000000000e+00 1.172953367233276367e+00 9.084763526916503906e-01
1.155265212059020996e+00 9.507805109024047852e-01 1.476372957229614258e+00 0.000000000000000000e+00
1.390024542808532715e+00 1.220489263534545898e+00 8.038414120674133301e-01 0.000000000000000000e+00
1.001330494880676270e+00 1.006878376007080078e+00 0.000000000000000000e+00 0.000000000000000000e+00
0.000000000000000000e+00 0.000000000000000000e+00 0.000000000000000000e+00 0.000000000000000000e+00
0.000000000000000000e+00 1.154369831085205078e+00 0.000000000000000000e+00 0.000000000000000000e+00
8.966066241264343262e-01 1.039488673210144043e+00 1.118899583816528320e+00 1.277834296226501465e+00
0.000000000000000000e+00 9.505247473716735840e-01 0.000000000000000000e+00 3.163425251841545105e-02
0.000000000000000000e+00 0.000000000000000000e+00 0.000000000000000000e+00 0.000000000000000000e+00
0.000000000000000000e+00 7.990432977676391602e-01 1.802779555320739746e+00 6.087118387222290039e-01
