1.331053376197814941e+00 0.000000000000000000e+00 1.124473929405212402e+00 9.077067375183105469e-01
1.392111659049987793e+00 1.042352676391601562e+00 6.671348810195922852e-01 0.000000000000000000e+00
1.158082246780395508e+00 1.128459930419921875e+00 2.152514010667800903e-01 0.000000000000000000e+00
1.002575039863586426e+00 1.005542397499084473e+00 0.000000000000000000e+00 0.000000000000000000e+00
0.000000000000000000e+00 0.000000000000000000e+00 0.000000000000000000e+00 0.000000000000000000e+00
0.000000000000000000e+00 3.613064885139465332e-01 0.000000000000000000e+00 0.000000000000000000e+00
8.966824412345886230e-01 9.197559356689453125e-01 9.055724143981933594e-01 1.226113200187683105e+00
0.000000000000000000e+00 1.086259126663208008e+00 0.000000000000000000e+00 7.876322269439697266e-01
0.000000000000000000e+00 0.000000000000000000e+00 0.000000000000000000e+00 0.000000000000000000e+00
0.000000000000000000e+00 3.070083558559417725e-01 4.271766841411590576e-01 6.713163852691650391e-01
