1.488865852355957031e+00 0.000000000000000000e+00 1.415700912475585938e+00 9.079767465591430664e-01
1.304598689079284668e+00 1.082771658897399902e+00 9.917148947715759277e-01 0.000000000000000000e+00
1.555225014686584473e+00 1.343559265136718750e+00 7.429679036140441895e-01 0.000000000000000000e+00
1.002703547477722168e+00 1.006328821182250977e+00 0.000000000000000000e+00 0.000000000000000000e+00
0.000000000000000000e+00 0.000000000000000000e+00 0.000000000000000000e+00 0.000000000000000000e+00
0.000000000000000000e+00 6.085122227668762207e-01 0.000000000000000000e+00 0.000000000000000000e+00
9.158747792243957520e-01 1.115046381950378418e+00 1.210214972496032715e+00 1.189189314842224121e+00
0.000000000000000000e+00 1.232354760169982910e+00 0.000000000000000000e+00 7.268893122673034668e-01
0.000000000000000000e+00 0.000000000000000000e+00 0.000000000000000000e+00 0.000000000000000000e+00
0.000000000000000000e+00 5.554019212722778320e-01 1.134709596633911133e+00 7.059041261672973633e-01
