1.319611907005310059e+00 0.000000000000000000e+00 1.248166680335998535e+00 9.085732698440551758e-01
1.333286643028259277e+00 1.046750187873840332e+00 1.167246341705322266e+00 0.000000000000000000e+00
1.683794856071472168e+00 1.515316247940063477e+00 6.461615562438964844e-01 0.000000000000000000e+00
1.002397775650024414e+00 1.006617188453674316e+00 0.000000000000000000e+00 0.000000000000000000e+00
0.000000000000000000e+00 0.000000000000000000e+00 0.000000000000000000e+00 0.000000000000000000e+00
0.000000000000000000e+00 1.195574283599853516e+00 0.000000000000000000e+00 0.000000000000000000e+00
1.045679450035095215e+00 1.182968735694885254e+00 1.815290093421936035e+00 1.159996747970581055e+00
0.000000000000000000e+00 1.218132615089416504e+00 0.000000000000000000e+00 4.626553654670715332e-01
0.000000000000000000e+00 0.000000000000000000e+00 0.000000000000000000e+00 0.000000000000000000e+00
0.000000000000000000e+00 9.149033427238464355e-01 1.554256200790405273e+00 6.834740042686462402e-01
