1.092189669609069824e+00 0.000000000000000000e+00 1.086921691894531250e+00 9.078866243362426758e-01
1.067000031471252441e+00 9.295142889022827148e-01 1.350007414817810059e+00 0.000000000000000000e+00
1.448413014411926270e+00 1.203107476234436035e+00 8.633031249046325684e-01 0.000000000000000000e+00
1.002128005027770996e+00 1.006047964096069336e+00 0.000000000000000000e+00 0.000000000000000000e+00
0.000000000000000000e+00 0.000000000000000000e+00 0.000000000000000000e+00 0.000000000000000000e+00
0.000000000000000000e+00 1.075054645538330078e+00 0.000000000000000000e+00 0.000000000000000000e+00
9.091344475746154785e-01 1.394834637641906738e+00 1.289827585220336914e+00 1.025375366210937500e+00
0.000000000000000000e+00 7.605520486831665039e-01 0.000000000000000000e+00 0.000000000000000000e+00
0.000000000000000000e+00 0.000000000000000000e+00 0.000000000000000000e+00 0.000000000000000000e+00
0.000000000000000000e+00 5.792475938796997070e-01 1.725737333297729492e+00 6.591062545776367188e-01
