1.303511857986450195e+00 0.000000000000000000e+00 1.219569444656372070e+00 9.087896347045898438e-01
1.334550499916076660e+00 1.043218374252319336e+00 1.094596982002258301e+00 0.000000000000000000e+00
1.615853786468505859e+00 1.462087869644165039e+00 5.344406962394714355e-01 0.000000000000000000e+00
1.002944827079772949e+00 1.006566286087036133e+00 0.000000000000000000e+00 0.000000000000000000e+00
0.000000000000000000e+00 0.000000000000000000e+00 0.000000000000000000e+00 0.000000000000000000e+00
0.000000000000000000e+00 1.252434730529785156e+00 0.000000000000000000e+00 0.000000000000000000e+00
1.041280269622802734e+00 1.089736938476562500e+00 1.714656352996826172e+00 1.239034533500671387e+00
0.000000000000000000e+00 1.232714533805847168e+00 0.000000000000000000e+00 5.857241153717041016e-01
0.000000000000000000e+00 0.000000000000000000e+00 0.000000000000000000e+00 0.000000000000000000e+00
0.000000000000000000e+00 9.176797270774841309e-01 1.485526561737060547e+00 6.676708459854125977e-01
