1.360702991485595703e+00 0.000000000000000000e+00 1.413035035133361816e+00 9.082635641098022461e-01
1.222520112991333008e+00 1.032071948051452637e+00 1.213955402374267578e+00 0.000000000000000000e+00
1.379745244979858398e+00 1.251677393913269043e+00 6.224690675735473633e-01 0.000000000000000000e+00
1.002657294273376465e+00 1.006007790565490723e+00 0.000000000000000000e+00 0.000000000000000000e+00
0.000000000000000000e+00 0.000000000000000000e+00 0.000000000000000000e+00 0.000000000000000000e+00
0.000000000000000000e+00 1.175137758255004883e+00 0.000000000000000000e+00 0.000000000000000000e+00
8.824232220649719238e-01 7.445679903030395508e-01 1.107226610183715820e+00 1.480657815933227539e+00
0.000000000000000000e+00 1.186984777450561523e+00 0.000000000000000000e+00 7.628526687622070312e-01
0.000000000000000000e+00 0.000000000000000000e+00 0.000000000000000000e+00 0.000000000000000000e+00
0.000000000000000000e+00 5.600029826164245605e-01 1.615805983543395996e+00 7.075368762016296387e-01
