1.326346397399902344e+00 0.000000000000000000e+00 1.207589626312255859e+00 9.079403877258300781e-01
1.368584990501403809e+00 1.051739454269409180e+00 7.679141163825988770e-01 0.000000000000000000e+00
1.155841350555419922e+00 1.142896533012390137e+00 1.746675223112106323e-01 0.000000000000000000e+00
1.003368735313415527e+00 1.005577683448791504e+00 0.000000000000000000e+00 0.000000000000000000e+00
0.000000000000000000e+00 0.000000000000000000e+00 0.000000000000000000e+00 0.000000000000000000e+00
0.000000000000000000e+00 4.968468546867370605e-01 0.000000000000000000e+00 0.000000000000000000e+00
8.940849900245666504e-01 8.610917925834655762e-01 9.402778744697570801e-01 1.251507282257080078e+00
0.000000000000000000e+00 1.100360393524169922e+00 0.000000000000000000e+00 8.380387425422668457e-01
0.000000000000000000e+00 0.000000000000000000e+00 0.000000000000000000e+00 0.000000000000000000e+00
0.000000000000000000e+00 2.568212151527404785e-01 6.111121177673339844e-01 7.526887655258178711e-01
