1.409781217575073242e+00 0.000000000000000000e+00 1.371706366539001465e+00 9.077899456024169922e-01
1.293035149574279785e+00 1.097825288772583008e+00 9.936593174934387207e-01 0.000000000000000000e+00
1.457529187202453613e+00 1.298136353492736816e+00 6.850422620773315430e-01 0.000000000000000000e+00
1.002788186073303223e+00 1.006628155708312988e+00 0.000000000000000000e+00 0.000000000000000000e+00
0.000000000000000000e+00 0.000000000000000000e+00 0.000000000000000000e+00 0.000000000000000000e+00
0.000000000000000000e+00 7.290289402008056641e-01 0.000000000000000000e+00 0.000000000000000000e+00
9.402624368667602539e-01 1.122801780700683594e+00 1.358404397964477539e+00 1.149875640869140625e+00
0.000000000000000000e+00 1.130573987960815430e+00 0.000000000000000000e+00 8.376327753067016602e-01
0.000000000000000000e+00 0.000000000000000000e+00 0.000000000000000000e+00 0.000000000000000000e+00
0.000000000000000000e+00 5.093441009521484375e-01 1.199590563774108887e+00 7.736153006553649902e-01
